78.66666666666667
85.33333333333333
59.666666666666664
51.0
63.333333333333336
52.0
58.666666666666664
81.33333333333333
80.0
68.66666666666667
69.66666666666667
65.66666666666667
49.333333333333336
76.0
73.66666666666667
66.33333333333333
60.666666666666664
65.0
60.0
82.0
66.33333333333333
37.333333333333336
56.333333333333336
54.666666666666664
62.666666666666664
72.33333333333333
56.666666666666664
75.33333333333333
69.33333333333333
61.666666666666664
82.0
67.66666666666667
64.33333333333333
58.666666666666664
69.33333333333333
76.33333333333333
62.0
58.666666666666664
76.0
60.333333333333336
52.666666666666664
61.666666666666664
68.33333333333333
44.666666666666664
73.66666666666667
56.333333333333336
47.0
89.33333333333333
79.66666666666667
53.0
69.66666666666667
63.333333333333336
74.66666666666667
68.0
65.66666666666667
46.333333333333336
67.66666666666667
52.666666666666664
63.0
76.0
62.0
48.666666666666664
59.666666666666664
56.0
64.33333333333333
60.0
72.66666666666667
76.0
68.0
48.0
77.33333333333333
29.333333333333332
44.0
54.0
37.333333333333336
58.333333333333336
46.333333333333336
60.333333333333336
63.333333333333336
78.33333333333333
52.666666666666664
45.0
83.33333333333333
56.666666666666664
79.33333333333333
52.666666666666664
57.666666666666664
61.666666666666664
36.333333333333336
62.0
53.0
48.0
76.33333333333333
75.33333333333333
55.666666666666664
64.66666666666667
66.66666666666667
53.333333333333336
74.33333333333333
56.333333333333336
51.333333333333336
64.33333333333333
70.0
59.0
71.0
44.0
75.0
72.33333333333333
71.33333333333333
63.0
50.333333333333336
82.0
54.666666666666664
49.666666666666664
58.0
82.33333333333333
72.33333333333333
76.33333333333333
63.333333333333336
66.66666666666667
70.66666666666667
76.33333333333333
43.666666666666664
59.333333333333336
66.0
47.333333333333336
64.15873015873017 62.79365079365079 62.182539682539684 